The performance of the parser:
UAS: 0.229038040231
LAS: 0.125473013344

If we don't add any feature.
UAS: 0.238000398327
LAS: 0.131248755228

The performance after making features
UAS: 0.733718382792
LAS: 0.631149173471
LAS about to meet the boundary 0.7!
